tensor([[1.1016, 0.0305, 0.0642, 0.0693, 0.0678, 0.0383, 0.0398, 0.0373, 0.0477,
         0.0351, 0.0447, 0.0384, 0.0251, 0.0356, 0.0409, 0.0406, 0.0347, 0.0285,
         0.0291, 0.0310, 0.0321, 0.0280],
        [0.0305, 1.0943, 0.0531, 0.0296, 0.0252, 0.0357, 0.0761, 0.0749, 0.0664,
         0.0396, 0.0361, 0.0292, 0.0279, 0.0484, 0.0327, 0.0442, 0.0339, 0.0369,
         0.0337, 0.0428, 0.0472, 0.0391],
        [0.0642, 0.0531, 1.0874, 0.0649, 0.0501, 0.0347, 0.0396, 0.0619, 0.0706,
         0.0592, 0.0358, 0.0316, 0.0305, 0.0418, 0.0377, 0.0410, 0.0342, 0.0364,
         0.0366, 0.0360, 0.0329, 0.0297],
        [0.0693, 0.0296, 0.0649, 1.0862, 0.0715, 0.0406, 0.0415, 0.0393, 0.0612,
         0.0623, 0.0612, 0.0398, 0.0435, 0.0392, 0.0310, 0.0353, 0.0331, 0.0399,
         0.0294, 0.0324, 0.0348, 0.0322],
        [0.0678, 0.0252, 0.0501, 0.0715, 1.0869, 0.0545, 0.0474, 0.0440, 0.0479,
         0.0579, 0.0639, 0.0626, 0.0372, 0.0429, 0.0374, 0.0203, 0.0303, 0.0290,
         0.0373, 0.0279, 0.0375, 0.0376],
        [0.0383, 0.0357, 0.0347, 0.0406, 0.0545, 1.0972, 0.0393, 0.0339, 0.0302,
         0.0419, 0.0601, 0.0634, 0.0773, 0.0349, 0.0382, 0.0411, 0.0388, 0.0419,
         0.0271, 0.0294, 0.0322, 0.0360],
        [0.0398, 0.0761, 0.0396, 0.0415, 0.0474, 0.0393, 1.1037, 0.0401, 0.0261,
         0.0448, 0.0383, 0.0296, 0.0241, 0.0644, 0.0332, 0.0464, 0.0348, 0.0145,
         0.0375, 0.0425, 0.0342, 0.0364],
        [0.0373, 0.0749, 0.0619, 0.0393, 0.0440, 0.0339, 0.0401, 1.0890, 0.0572,
         0.0254, 0.0409, 0.0330, 0.0364, 0.0712, 0.0631, 0.0374, 0.0430, 0.0336,
         0.0308, 0.0375, 0.0378, 0.0349],
        [0.0477, 0.0664, 0.0706, 0.0612, 0.0479, 0.0302, 0.0261, 0.0572, 1.0801,
         0.0575, 0.0312, 0.0392, 0.0305, 0.0562, 0.0746, 0.0585, 0.0319, 0.0410,
         0.0355, 0.0255, 0.0418, 0.0412],
        [0.0351, 0.0396, 0.0592, 0.0623, 0.0579, 0.0419, 0.0448, 0.0254, 0.0575,
         1.0808, 0.0633, 0.0291, 0.0488, 0.0270, 0.0588, 0.0628, 0.0675, 0.0441,
         0.0329, 0.0300, 0.0449, 0.0336],
        [0.0447, 0.0361, 0.0358, 0.0612, 0.0639, 0.0601, 0.0383, 0.0409, 0.0312,
         0.0633, 1.0824, 0.0596, 0.0471, 0.0404, 0.0152, 0.0525, 0.0735, 0.0542,
         0.0408, 0.0365, 0.0219, 0.0415],
        [0.0384, 0.0292, 0.0316, 0.0398, 0.0626, 0.0634, 0.0296, 0.0330, 0.0392,
         0.0291, 0.0596, 1.0919, 0.0637, 0.0334, 0.0353, 0.0260, 0.0642, 0.0700,
         0.0462, 0.0340, 0.0237, 0.0485],
        [0.0251, 0.0279, 0.0305, 0.0435, 0.0372, 0.0773, 0.0241, 0.0364, 0.0305,
         0.0488, 0.0471, 0.0637, 1.1101, 0.0332, 0.0374, 0.0279, 0.0341, 0.0559,
         0.0320, 0.0299, 0.0265, 0.0315],
        [0.0356, 0.0484, 0.0418, 0.0392, 0.0429, 0.0349, 0.0644, 0.0712, 0.0562,
         0.0270, 0.0404, 0.0334, 0.0332, 1.0878, 0.0658, 0.0394, 0.0498, 0.0350,
         0.0601, 0.0260, 0.0434, 0.0341],
        [0.0409, 0.0327, 0.0377, 0.0310, 0.0374, 0.0382, 0.0332, 0.0631, 0.0746,
         0.0588, 0.0152, 0.0353, 0.0374, 0.0658, 1.0842, 0.0698, 0.0270, 0.0483,
         0.0598, 0.0595, 0.0409, 0.0367],
        [0.0406, 0.0442, 0.0410, 0.0353, 0.0203, 0.0411, 0.0464, 0.0374, 0.0585,
         0.0628, 0.0525, 0.0260, 0.0279, 0.0394, 0.0698, 1.0796, 0.0569, 0.0352,
         0.0594, 0.0713, 0.0682, 0.0421],
        [0.0347, 0.0339, 0.0342, 0.0331, 0.0303, 0.0388, 0.0348, 0.0430, 0.0319,
         0.0675, 0.0735, 0.0642, 0.0341, 0.0498, 0.0270, 0.0569, 1.0822, 0.0561,
         0.0405, 0.0797, 0.0567, 0.0369],
        [0.0285, 0.0369, 0.0364, 0.0399, 0.0290, 0.0419, 0.0145, 0.0336, 0.0410,
         0.0441, 0.0542, 0.0700, 0.0559, 0.0350, 0.0483, 0.0352, 0.0561, 1.0912,
         0.0472, 0.0391, 0.0788, 0.0346],
        [0.0291, 0.0337, 0.0366, 0.0294, 0.0373, 0.0271, 0.0375, 0.0308, 0.0355,
         0.0329, 0.0408, 0.0462, 0.0320, 0.0601, 0.0598, 0.0594, 0.0405, 0.0472,
         1.0920, 0.0677, 0.0387, 0.0729],
        [0.0310, 0.0428, 0.0360, 0.0324, 0.0279, 0.0294, 0.0425, 0.0375, 0.0255,
         0.0300, 0.0365, 0.0340, 0.0299, 0.0260, 0.0595, 0.0713, 0.0797, 0.0391,
         0.0677, 1.0902, 0.0664, 0.0607],
        [0.0321, 0.0472, 0.0329, 0.0348, 0.0375, 0.0322, 0.0342, 0.0378, 0.0418,
         0.0449, 0.0219, 0.0237, 0.0265, 0.0434, 0.0409, 0.0682, 0.0567, 0.0788,
         0.0387, 0.0664, 1.0904, 0.0637],
        [0.0280, 0.0391, 0.0297, 0.0322, 0.0376, 0.0360, 0.0364, 0.0349, 0.0412,
         0.0336, 0.0415, 0.0485, 0.0315, 0.0341, 0.0367, 0.0421, 0.0369, 0.0346,
         0.0729, 0.0607, 0.0637, 1.0998]], device='cuda:0',
       grad_fn=<AddBackward0>)
